%Time(us) Velocity Voltage
0.0 0.0 0.0
132	0.0000000000	3.0000000000
20936	67.8823089599	3.0000000000
42440	180.7097015380	3.0000000000
63944	262.8995971679	3.0000000000
85448	328.5015869140	3.0000000000
106952	361.4869079589	3.0000000000
127436	396.8364257812	3.0000000000
148940	427.2916870117	3.0000000000
170440	443.6431579589	3.0000000000
191948	460.0744018554	3.0000000000
213452	459.9885253906	3.0000000000
234964	460.0744018554	3.0000000000
255436	483.1051940917	3.0000000000
276936	476.5949096679	3.0000000000
298444	492.8445129394	3.0000000000
319960	476.5052795410	3.0000000000
341452	492.9364929199	3.0000000000
362968	492.9364929199	3.0000000000
383436	500.4570312500	3.0000000000
404940	509.2726745605	3.0000000000
426444	492.9371948242	3.0000000000
447948	492.9364929199	3.0000000000
469452	509.3684387207	3.0000000000
490956	492.9364929199	3.0000000000
511448	483.1998901367	3.0000000000
532940	509.3684387207	3.0000000000
554444	492.9371948242	3.0000000000
575948	492.9358215332	3.0000000000
597452	492.9358215332	3.0000000000
618960	492.9371948242	3.0000000000
639436	483.2006225585	3.0000000000
660940	492.9358215332	3.0000000000
682448	492.9371948242	3.0000000000
703952	492.9371948242	3.0000000000
725464	492.6599731445	3.0000000000
746960	476.7729187011	3.0000000000
767436	500.4577636718	3.0000000000
788952	492.6599731445	3.0000000000
810444	493.1199035644	3.0000000000
831948	492.9371948242	3.0000000000
853464	492.9371948242	3.0000000000
874956	509.3684387207	3.0000000000
895436	500.4562988281	3.0000000000
916940	509.3684387207	3.0000000000
938444	492.9371948242	3.0000000000
959952	509.3684387207	3.0000000000
981456	492.9358215332	3.0000000000
1002960	509.3684387207	3.0000000000
1023436	500.4562988281	3.0000000000
1044940	492.9385681152	3.0000000000
1066444	509.3670043945	3.0000000000
1087948	492.9358215332	3.0000000000
1109452	509.3698425292	3.0000000000
1130968	492.9358215332	3.0000000000
1151440	517.7134399414	3.0000000000
1172940	492.9358215332	3.0000000000
1194448	509.3670043945	3.0000000000
1215952	492.8452148437	3.0000000000
1237468	492.8424682617	3.0000000000
1258960	509.4635314941	3.0000000000
1279448	483.2020263671	3.0000000000
1300952	492.9358215332	3.0000000000
1322456	492.9358215332	3.0000000000
1343948	492.9385681152	3.0000000000
1365456	492.8452148437	3.0000000000
1386956	493.0292053222	3.0000000000
1407436	500.4562988281	3.0000000000
1428944	492.9358215332	3.0000000000
1450448	492.9385681152	3.0000000000
1471952	493.0292053222	3.0000000000
1493456	492.9358215332	3.0000000000
1514956	492.9385681152	3.0000000000
1535436	500.4562988281	3.0000000000
1556944	509.2733764648	3.0000000000
1578444	492.9385681152	3.0000000000
1599952	509.3670043945	3.0000000000
1621452	509.3698425292	3.0000000000
1642968	492.9358215332	3.0000000000
1663448	517.4106445312	3.0000000000
1684940	493.2133789062	3.0000000000
1706444	509.3670043945	3.0000000000
1727948	492.9358215332	3.0000000000
1749456	509.3698425292	3.0000000000
1770956	492.9358215332	3.0000000000
1791448	500.4562988281	3.0000000000
1812944	509.3698425292	3.0000000000
1834448	509.3670043945	3.0000000000
1855948	509.3670043945	3.0000000000
1877452	509.3670043945	3.0000000000
1898968	492.9358215332	3.0000000000
1919436	517.7164306640	3.0000000000
1940940	492.9358215332	3.0000000000
1962448	509.3670043945	3.0000000000
1983952	492.8452148437	3.0000000000
2005464	493.0319519042	3.0000000000
2026960	509.3641662597	3.0000000000
2047440	483.2020263671	3.0000000000
2068940	492.9385681152	3.0000000000
2090448	492.9330749511	3.0000000000
2111948	492.9385681152	3.0000000000
2133452	492.8452148437	3.0000000000
2154968	492.8452148437	3.0000000000
2175440	500.3596801757	3.0000000000
2196940	492.9385681152	3.0000000000
2218444	492.8452148437	3.0000000000
2239960	492.9385681152	3.0000000000
2261456	509.2733764648	3.0000000000
2282956	492.9385681152	3.0000000000
2303448	500.3596801757	3.0000000000
2324944	509.3698425292	3.0000000000
2346448	509.2733764648	3.0000000000
2367952	509.2733764648	3.0000000000
2389456	509.3698425292	3.0000000000
2410968	493.0264587402	3.0000000000
2431440	517.7164306640	3.0000000000
2452940	509.3698425292	3.0000000000
2474444	509.3641662597	3.0000000000
2495960	492.9330749511	3.0000000000
2517456	509.3698425292	3.0000000000
2538956	509.3698425292	3.0000000000
2559440	500.3538208007	3.0000000000
2580944	509.3698425292	3.0000000000
2602448	509.3698425292	3.0000000000
2623952	492.8397216796	3.0000000000
2645464	493.0264587402	3.0000000000
2666960	509.3698425292	3.0000000000
2687436	500.3596801757	3.0000000000
2708944	492.8452148437	3.0000000000
2730448	492.8452148437	3.0000000000
2751948	493.0264587402	3.0000000000
2773464	492.8452148437	3.0000000000
2794960	509.2733764648	3.0000000000
2815436	500.4592285156	3.0000000000
2836944	492.8452148437	3.0000000000
2858460	492.9385681152	3.0000000000
2879952	509.3698425292	3.0000000000
2901456	492.9330749511	3.0000000000
2922960	492.9385681152	3.0000000000
2943440	500.4592285156	3.0000000000
2964952	493.0264587402	3.0000000000
2986448	509.2733764648	3.0000000000
3007952	509.3698425292	3.0000000000
3029456	509.3641662597	3.0000000000
3050968	509.0862121582	3.0000000000
3071436	500.6525878906	3.0000000000
3092944	509.2677001953	3.0000000000
3114448	509.3698425292	3.0000000000
3135952	509.2733764648	3.0000000000
3157456	509.2733764648	3.0000000000
3178972	492.8452148437	3.0000000000
3199440	517.8194580078	3.0000000000
3220944	509.3641662597	3.0000000000
3242448	509.3698425292	3.0000000000
3263952	509.3698425292	3.0000000000
3285456	509.4606933593	3.0000000000
3306960	509.2733764648	3.0000000000
3327440	517.6134643554	3.0000000000
3348944	509.3698425292	3.0000000000
3370460	492.8452148437	3.0000000000
3391952	509.4663696289	3.0000000000
3413456	509.3641662597	3.0000000000
3434956	509.3641662597	3.0000000000
3455440	500.3596801757	3.0000000000
3476944	492.9385681152	3.0000000000
3498460	492.9330749511	3.0000000000
3519952	509.4663696289	3.0000000000
3541456	492.8452148437	3.0000000000
3562968	493.0264587402	3.0000000000
3583448	500.3596801757	3.0000000000
3604944	509.2733764648	3.0000000000
3626444	492.9385681152	3.0000000000
3647960	492.8452148437	3.0000000000
3669456	509.2733764648	3.0000000000
3690956	492.8452148437	3.0000000000
3711448	500.3596801757	3.0000000000
3732944	509.2733764648	3.0000000000
3754448	509.3698425292	3.0000000000
3775952	509.3641662597	3.0000000000
3797456	509.3698425292	3.0000000000
3818960	509.4606933593	3.0000000000
3839440	500.3596801757	3.0000000000
3860944	509.3698425292	3.0000000000
3882460	508.9841918945	3.0000000000
3903952	493.3068542480	3.0000000000
3925456	509.2733764648	3.0000000000
3946960	509.4663696289	3.0000000000
3967440	517.6074218750	3.0000000000
3988944	509.3698425292	3.0000000000
4010448	509.3698425292	3.0000000000
4031960	509.3755187988	3.0000000000
4053456	525.7015380859	3.0000000000
4074960	509.3755187988	3.0000000000
4095440	500.3655395507	3.0000000000
4116944	509.3755187988	3.0000000000
4138448	509.2733764648	3.0000000000
4159948	509.4663696289	3.0000000000
4181464	492.9440612792	3.0000000000
4202960	509.2733764648	3.0000000000
4223436	500.4592285156	3.0000000000
4244940	509.3755187988	3.0000000000
4266456	492.9330749511	3.0000000000
4287948	509.3641662597	3.0000000000
4309452	509.3641662597	3.0000000000
4330968	492.9330749511	3.0000000000
4351448	500.4592285156	3.0000000000
4372940	509.3641662597	3.0000000000
4394444	509.2733764648	3.0000000000
4415960	492.9440612792	3.0000000000
4437460	509.3755187988	3.0000000000
4458968	525.4088745117	3.0000000000
4479436	500.6584472656	3.0000000000
4500952	509.3755187988	3.0000000000
4522444	525.7952880859	3.0000000000
4543948	509.3641662597	3.0000000000
4565464	492.9330749511	3.0000000000
4586956	509.3641662597	3.0000000000
4607436	517.7164306640	3.0000000000
4628952	509.0805358886	3.0000000000
4650444	509.6594848632	3.0000000000
4671948	509.3641662597	3.0000000000
4693452	509.3755187988	3.0000000000
4714956	509.3755187988	3.0000000000
4735448	500.4592285156	3.0000000000
4756940	509.3755187988	3.0000000000
4778444	509.3755187988	3.0000000000
4799948	509.3641662597	3.0000000000
4821464	492.9330749511	3.0000000000
4842956	509.3641662597	3.0000000000
4863436	500.4475097656	3.0000000000
4884940	509.3641662597	3.0000000000
4906444	492.9330749511	3.0000000000
4927960	492.9330749511	3.0000000000
4949452	509.3755187988	3.0000000000
4970956	492.9440612792	3.0000000000
4991436	500.4592285156	3.0000000000
5012980	492.0229492187	0.0000000000
5034444	477.4063415527	0.0000000000
5055948	410.7775573730	0.0000000000
5077464	361.4198303222	0.0000000000
5098956	328.5634765625	0.0000000000
5119436	276.1089782714	0.0000000000
5140940	246.4665374755	0.0000000000
5162444	213.6043395996	0.0000000000
5183952	180.7099151611	0.0000000000
5205456	147.8799285888	0.0000000000
5226960	131.4253845214	0.0000000000
5247448	103.5432891845	0.0000000000
5268940	98.5668411254	0.0000000000
5290448	65.7009811401	0.0000000000
5311952	49.2933082580	0.0000000000
5333460	32.8504905700	0.0000000000
5354960	32.8556137084	0.0000000000
5375400	0.0000000000	0.0000000000
5396904	0.0000000000	0.0000000000
5418408	0.0000000000	0.0000000000
5439912	0.0000000000	0.0000000000
5461416	0.0000000000	0.0000000000
5482920	0.0000000000	0.0000000000
5503400	0.0000000000	0.0000000000
5524904	0.0000000000	0.0000000000
5546408	0.0000000000	0.0000000000
5567908	0.0000000000	0.0000000000
5589416	0.0000000000	0.0000000000
5610920	0.0000000000	0.0000000000
5631400	0.0000000000	0.0000000000
5652904	0.0000000000	0.0000000000
5674408	0.0000000000	0.0000000000
5695912	0.0000000000	0.0000000000
5717416	0.0000000000	0.0000000000
5738920	0.0000000000	0.0000000000
5759400	0.0000000000	0.0000000000
5780904	0.0000000000	0.0000000000
5802408	0.0000000000	0.0000000000
5823912	0.0000000000	0.0000000000
5845416	0.0000000000	0.0000000000
5866920	0.0000000000	0.0000000000
5887400	0.0000000000	0.0000000000
5908904	0.0000000000	0.0000000000
5930408	0.0000000000	0.0000000000
5951912	0.0000000000	0.0000000000
5973416	0.0000000000	0.0000000000
5994920	0.0000000000	0.0000000000
6015400	0.0000000000	0.0000000000
6036904	0.0000000000	0.0000000000
6058408	0.0000000000	0.0000000000
6079912	0.0000000000	0.0000000000
6101416	0.0000000000	0.0000000000
6122916	0.0000000000	0.0000000000
6143400	0.0000000000	0.0000000000
6164904	0.0000000000	0.0000000000
6186408	0.0000000000	0.0000000000
6207912	0.0000000000	0.0000000000
6229416	0.0000000000	0.0000000000
6250920	0.0000000000	0.0000000000
6271400	0.0000000000	0.0000000000
6292904	0.0000000000	0.0000000000
6314408	0.0000000000	0.0000000000
6335912	0.0000000000	0.0000000000
6357416	0.0000000000	0.0000000000
6378920	0.0000000000	0.0000000000
6399400	0.0000000000	0.0000000000
6420904	0.0000000000	0.0000000000
6442408	0.0000000000	0.0000000000
6463912	0.0000000000	0.0000000000
6485416	0.0000000000	0.0000000000
6506920	0.0000000000	0.0000000000
6527400	0.0000000000	0.0000000000
6548904	0.0000000000	0.0000000000
6570408	0.0000000000	0.0000000000
6591912	0.0000000000	0.0000000000
6613416	0.0000000000	0.0000000000
6634920	0.0000000000	0.0000000000
6655400	0.0000000000	0.0000000000
6676908	0.0000000000	0.0000000000
6698408	0.0000000000	0.0000000000
6719912	0.0000000000	0.0000000000
6741420	0.0000000000	0.0000000000
6762920	0.0000000000	0.0000000000
6783400	0.0000000000	0.0000000000
6804904	0.0000000000	0.0000000000
6826408	0.0000000000	0.0000000000
6847912	0.0000000000	0.0000000000
6869420	0.0000000000	0.0000000000
6890920	0.0000000000	0.0000000000
6911400	0.0000000000	0.0000000000
6932904	0.0000000000	0.0000000000
6954408	0.0000000000	0.0000000000
6975912	0.0000000000	0.0000000000
6997416	0.0000000000	0.0000000000
7018920	0.0000000000	0.0000000000
7039400	0.0000000000	0.0000000000
7060904	0.0000000000	0.0000000000
7082408	0.0000000000	0.0000000000
7103912	0.0000000000	0.0000000000
7125416	0.0000000000	0.0000000000
7146920	0.0000000000	0.0000000000
7167400	0.0000000000	0.0000000000
7188904	0.0000000000	0.0000000000
7210408	0.0000000000	0.0000000000
7231912	0.0000000000	0.0000000000
7253416	0.0000000000	0.0000000000
7274920	0.0000000000	0.0000000000
7295400	0.0000000000	0.0000000000
7316904	0.0000000000	0.0000000000
7338408	0.0000000000	0.0000000000
7359912	0.0000000000	0.0000000000
7381416	0.0000000000	0.0000000000
7402920	0.0000000000	0.0000000000
7423400	0.0000000000	0.0000000000
7444904	0.0000000000	0.0000000000
7466408	0.0000000000	0.0000000000
7487912	0.0000000000	0.0000000000
7509416	0.0000000000	0.0000000000
7530916	0.0000000000	0.0000000000
7551400	0.0000000000	0.0000000000
7572904	0.0000000000	0.0000000000
7594408	0.0000000000	0.0000000000
7615912	0.0000000000	0.0000000000
7637416	0.0000000000	0.0000000000
7658920	0.0000000000	0.0000000000
7679400	0.0000000000	0.0000000000
7700904	0.0000000000	0.0000000000
7722408	0.0000000000	0.0000000000
7743912	0.0000000000	0.0000000000
7765420	0.0000000000	0.0000000000
7786920	0.0000000000	0.0000000000
7807400	0.0000000000	0.0000000000
7828904	0.0000000000	0.0000000000
7850408	0.0000000000	0.0000000000
7871912	0.0000000000	0.0000000000
7893416	0.0000000000	0.0000000000
7914920	0.0000000000	0.0000000000
7935400	0.0000000000	0.0000000000
7956904	0.0000000000	0.0000000000
7978408	0.0000000000	0.0000000000
7999912	0.0000000000	0.0000000000
8021416	0.0000000000	0.0000000000
8042920	0.0000000000	0.0000000000
8063400	0.0000000000	0.0000000000
8084904	0.0000000000	0.0000000000
8106408	0.0000000000	0.0000000000
8127912	0.0000000000	0.0000000000
8149416	0.0000000000	0.0000000000
8170920	0.0000000000	0.0000000000
8191400	0.0000000000	0.0000000000
8212904	0.0000000000	0.0000000000
8234408	0.0000000000	0.0000000000
8255912	0.0000000000	0.0000000000
8277416	0.0000000000	0.0000000000
8298920	0.0000000000	0.0000000000
8319400	0.0000000000	0.0000000000
8340904	0.0000000000	0.0000000000
8362408	0.0000000000	0.0000000000
8383912	0.0000000000	0.0000000000
8405416	0.0000000000	0.0000000000
8426920	0.0000000000	0.0000000000
8447400	0.0000000000	0.0000000000
8468904	0.0000000000	0.0000000000
8490408	0.0000000000	0.0000000000
8511908	0.0000000000	0.0000000000
8533416	0.0000000000	0.0000000000
8554920	0.0000000000	0.0000000000
8575400	0.0000000000	0.0000000000
8596904	0.0000000000	0.0000000000
8618408	0.0000000000	0.0000000000
8639912	0.0000000000	0.0000000000
8661416	0.0000000000	0.0000000000
8682920	0.0000000000	0.0000000000
8703400	0.0000000000	0.0000000000
8724904	0.0000000000	0.0000000000
8746408	0.0000000000	0.0000000000
8767912	0.0000000000	0.0000000000
8789416	0.0000000000	0.0000000000
8810920	0.0000000000	0.0000000000
8831400	0.0000000000	0.0000000000
8852900	0.0000000000	0.0000000000
8874408	0.0000000000	0.0000000000
8895912	0.0000000000	0.0000000000
8917416	0.0000000000	0.0000000000
8938920	0.0000000000	0.0000000000
8959400	0.0000000000	0.0000000000
8980904	0.0000000000	0.0000000000
9002408	0.0000000000	0.0000000000
9023912	0.0000000000	0.0000000000
9045416	0.0000000000	0.0000000000
9066920	0.0000000000	0.0000000000
9087400	0.0000000000	0.0000000000
9108904	0.0000000000	0.0000000000
9130408	0.0000000000	0.0000000000
9151912	0.0000000000	0.0000000000
9173416	0.0000000000	0.0000000000
9194920	0.0000000000	0.0000000000
9215400	0.0000000000	0.0000000000
9236904	0.0000000000	0.0000000000
9258408	0.0000000000	0.0000000000
9279912	0.0000000000	0.0000000000
9301416	0.0000000000	0.0000000000
9322916	0.0000000000	0.0000000000
9343400	0.0000000000	0.0000000000
9364904	0.0000000000	0.0000000000
9386408	0.0000000000	0.0000000000
9407912	0.0000000000	0.0000000000
9429416	0.0000000000	0.0000000000
9450920	0.0000000000	0.0000000000
9471400	0.0000000000	0.0000000000
9492904	0.0000000000	0.0000000000
9514408	0.0000000000	0.0000000000
9535912	0.0000000000	0.0000000000
9557416	0.0000000000	0.0000000000
9578920	0.0000000000	0.0000000000
9599400	0.0000000000	0.0000000000
9620904	0.0000000000	0.0000000000
9642408	0.0000000000	0.0000000000
9663912	0.0000000000	0.0000000000
9685416	0.0000000000	0.0000000000
9706920	0.0000000000	0.0000000000
9727400	0.0000000000	0.0000000000
9748904	0.0000000000	0.0000000000
9770408	0.0000000000	0.0000000000
9791912	0.0000000000	0.0000000000
9813416	0.0000000000	0.0000000000
9834920	0.0000000000	0.0000000000
9855404	0.0000000000	0.0000000000
9876904	0.0000000000	0.0000000000
9898408	0.0000000000	0.0000000000
9919912	0.0000000000	0.0000000000
9941416	0.0000000000	0.0000000000
9962920	0.0000000000	0.0000000000
9983404	0.0000000000	0.0000000000
10004904	0.0000000000	0.0000000000